layout_spectrum: 0.2043011
color:
  saturation: 0.762867
  lightness: 0.2684534
  brandStrength: 0.7546133
  rhythmicContrast: 0.2838614
typography_spectrum: 0.3607772
name: shipw.com
